power,	 Rx_OK,	 send_total,  RX_OK_Percent
-79	 1000	 1000	 100.0%
-80	 1000	 1000	 100.0%
-81	 1000	 1000	 100.0%
-82	 1000	 1000	 100.0%
-83	 1000	 1000	 100.0%
-84	 999	 1000	 99.9%
-85	 1000	 1000	 100.0%
-86	 999	 1000	 99.9%
-87	 1000	 1000	 100.0%
-88	 1000	 1000	 100.0%
-89	 1000	 1000	 100.0%
-90	 1000	 1000	 100.0%
-91	 1000	 1000	 100.0%
-92	 999	 1000	 99.9%
-93	 1000	 1000	 100.0%
-94	 1000	 1000	 100.0%
-95	 1000	 1000	 100.0%
-96	 1000	 1000	 100.0%
-97	 1000	 1000	 100.0%
-98	 1000	 1000	 100.0%
-99	 999	 1000	 99.9%
-100	 995	 1000	 99.5%
-101	 966	 1000	 96.6%
-102	 783	 1000	 78.3%
