power,	 Rx_OK,	 send_total,  RX_OK_Percent
-81	 999	 1000	 99.9%
-82	 1000	 1000	 100.0%
-83	 1000	 1000	 100.0%
-84	 1000	 1000	 100.0%
-85	 1000	 1000	 100.0%
-86	 1000	 1000	 100.0%
-87	 1000	 1000	 100.0%
-88	 1000	 1000	 100.0%
-89	 1000	 1000	 100.0%
-90	 999	 1000	 99.9%
-91	 1000	 1000	 100.0%
-92	 1000	 1000	 100.0%
-93	 1000	 1000	 100.0%
-94	 1000	 1000	 100.0%
-95	 1000	 1000	 100.0%
-96	 1000	 1000	 100.0%
-97	 1000	 1000	 100.0%
-98	 1000	 1000	 100.0%
-99	 1000	 1000	 100.0%
-100	 997	 1000	 99.7%
-101	 870	 1000	 87.0%
-102	 137	 1000	 13.7%
