power,	 Rx_OK,	 send_total,  RX_OK_Percent
-81	 1000	 1000	 100.0%
-82	 1000	 1000	 100.0%
-83	 1000	 1000	 100.0%
-84	 1000	 1000	 100.0%
-85	 1000	 1000	 100.0%
-86	 1000	 1000	 100.0%
-87	 998	 1000	 99.8%
-88	 999	 1000	 99.9%
-89	 998	 1000	 99.8%
-90	 999	 1000	 99.9%
-91	 998	 1000	 99.8%
-92	 999	 1000	 99.9%
-93	 999	 1000	 99.9%
-94	 1000	 1000	 100.0%
-95	 999	 1000	 99.9%
-96	 998	 1000	 99.8%
-97	 999	 1000	 99.9%
-98	 1000	 1000	 100.0%
-99	 995	 1000	 99.5%
-100	 860	 1000	 86.0%
-101	 194	 1000	 19.4%
