power,	 Rx_OK,	 send_total,  RX_OK_Percent
-81	 999	 1000	 99.9%
-82	 996	 1000	 99.6%
-83	 998	 1000	 99.8%
-84	 1000	 1000	 100.0%
-85	 998	 1000	 99.8%
-86	 999	 1000	 99.9%
-87	 999	 1000	 99.9%
-88	 998	 1000	 99.8%
-89	 997	 1000	 99.7%
-90	 999	 1000	 99.9%
-91	 1000	 1000	 100.0%
-92	 994	 1000	 99.4%
-93	 1000	 1000	 100.0%
-94	 998	 1000	 99.8%
-95	 998	 1000	 99.8%
-96	 997	 1000	 99.7%
-97	 998	 1000	 99.8%
-98	 999	 1000	 99.9%
-99	 998	 1000	 99.8%
-100	 1000	 1000	 100.0%
-101	 992	 1000	 99.2%
-102	 776	 1000	 77.6%
