power,	 Rx_OK,	 send_total,  RX_OK_Percent
-77	 998	 1000	 99.8%
-78	 998	 1000	 99.8%
-79	 998	 1000	 99.8%
-80	 993	 1000	 99.3%
-81	 993	 1000	 99.3%
-82	 997	 1000	 99.7%
-83	 995	 1000	 99.5%
-84	 999	 1000	 99.9%
-85	 998	 1000	 99.8%
-86	 998	 1000	 99.8%
-87	 997	 1000	 99.7%
-88	 1000	 1000	 100.0%
-89	 999	 1000	 99.9%
-90	 997	 1000	 99.7%
-91	 1000	 1000	 100.0%
-92	 999	 1000	 99.9%
-93	 998	 1000	 99.8%
-94	 1000	 1000	 100.0%
-95	 998	 1000	 99.8%
-96	 1000	 1000	 100.0%
-97	 1000	 1000	 100.0%
-98	 996	 1000	 99.6%
-99	 923	 1000	 92.3%
-100	 399	 1000	 39.9%
