power,	 Rx_OK,	 send_total,  RX_OK_Percent
-79	 999	 1000	 99.9%
-80	 996	 1000	 99.6%
-81	 999	 1000	 99.9%
-82	 999	 1000	 99.9%
-83	 999	 1000	 99.9%
-84	 998	 1000	 99.8%
-85	 997	 1000	 99.7%
-86	 999	 1000	 99.9%
-87	 1000	 1000	 100.0%
-88	 999	 1000	 99.9%
-89	 1000	 1000	 100.0%
-90	 999	 1000	 99.9%
-91	 997	 1000	 99.7%
-92	 999	 1000	 99.9%
-93	 998	 1000	 99.8%
-94	 999	 1000	 99.9%
-95	 1000	 1000	 100.0%
-96	 995	 1000	 99.5%
-97	 999	 1000	 99.9%
-98	 999	 1000	 99.9%
-99	 997	 1000	 99.7%
-100	 973	 1000	 97.3%
-101	 901	 1000	 90.1%
-102	 577	 1000	 57.7%
