power,	 Rx_OK,	 send_total,  RX_OK_Percent
-82	 1000	 1000	 100.0%
-83	 998	 1000	 99.8%
-84	 998	 1000	 99.8%
-85	 997	 1000	 99.7%
-86	 997	 1000	 99.7%
-87	 999	 1000	 99.9%
-88	 998	 1000	 99.8%
-89	 1000	 1000	 100.0%
-90	 999	 1000	 99.9%
-91	 996	 1000	 99.6%
-92	 999	 1000	 99.9%
-93	 999	 1000	 99.9%
-94	 996	 1000	 99.6%
-95	 998	 1000	 99.8%
-96	 999	 1000	 99.9%
-97	 999	 1000	 99.9%
-98	 997	 1000	 99.7%
-99	 1000	 1000	 100.0%
-100	 997	 1000	 99.7%
-101	 993	 1000	 99.3%
-102	 978	 1000	 97.8%
-103	 923	 1000	 92.3%
-104	 438	 1000	 43.8%
